116.3086146024223,
40.05576134975246,
116.3086595176978,
40.05564399442622,
116.3083271446591,
40.05557496178621,
116.307869008849,
40.05547831597178,
116.3075725680307,
40.0554161864467,
116.3058208722863,
40.05503650477509,
116.3057310417353,
40.05502269812868,
116.3056052789639,
40.05494676152298,
116.3053896856415,
40.05492605152483,
116.3046081598478,
40.0548155980941,
116.30390748155,
40.05470514448295,
116.3031978201972,
40.05458778732339,
116.3030720574258,
40.05458778732339,
116.3030181590952,
40.05458778732339,
116.3029732438197,
40.05456017384449,
116.3027396843871,
40.05452565697998,
116.3026229046708,
40.05450494685282,
116.3025779893953,
40.0544980434757,
116.3018593449873,
40.05438758934578,
116.3013562939017,
40.05434616900053,
116.3010149378079,
40.05435307239318,
116.3008891750365,
40.05435997578511,
116.30075442921,
40.05438068595666,
116.3006376494937,
40.05438758934578,
116.3003412086754,
40.05442210628075,
116.3002603611795,
40.05424261802642,
116.3002423950693,
40.05420810099981,
116.300215445904,
40.05413216347924,
116.3001884967387,
40.05408383955809,
116.3001525645183,
40.05401480532513,
116.3000807000775,
40.05389054352818,
116.300035784802,
40.05382150909786,
116.3000088356367,
40.05378008840583,
116.2999010389755,
40.05365582617753,
116.2998651067551,
40.053614405384,
116.2998112084245,
40.05354537067174,
116.2996584964878,
40.05337968707476,
116.2995686659368,
40.05329684512402,
116.2995147676062,
40.05324161710048,
116.2990206995758,
40.0528757303051,
116.2987871401432,
40.05274456285861,
116.2986523943167,
40.05267552725826,
116.2983918857188,
40.05256507015107,
116.2982212076719,
40.05249603436747,
116.2981223940658,
40.05246151644923,
116.2980415465699,
40.05244080568984,
116.2979786651842,
40.05242699851338,
116.2979068007434,
40.0524062877434,
116.2976732413108,
40.05234415539543,
116.2969096816273,
40.05221298691777,
116.296792901911,
40.05219227608224,
116.2966940883049,
40.05217846885503,
116.2964066305417,
40.05213704715649,
116.2966851052498,
40.05121195594453,
116.2967390035804,
40.05099103676817,
116.2967569696906,
40.05094271060211,
116.2967839188559,
40.05085296191639,
116.2968018849661,
40.05076321311159,
116.2968557832967,
40.05058371514458,
116.2968647663518,
40.05054229246915,
116.2970354443987,
40.04998998770543,
116.2971612071701,
40.04959646780928,
116.2972600207762,
40.04918913778557,
116.2972959529966,
40.04906486712039,
116.2973229021619,
40.04895440411519,
116.297331885217,
40.04890607649367,
116.2973229021619,
40.04884394092957,
116.2972869699415,
40.04880251718842,
116.2972690038313,
40.04877490134692,
116.2972510377211,
40.04871966963005,
116.297242054666,
40.04867824581279,
116.2972510377211,
40.04863682197016,
116.2972600207762,
40.04857468615865,
116.2973049360517,
40.04841589438098,
116.2973588343823,
40.04818806204869,
116.2974127327129,
40.04798094108056,
116.2974576479884,
40.04775310728296,
116.2974756140986,
40.04768406658669,
116.2975025632639,
40.04760121765813,
116.2975384954843,
40.04743551949656,
116.2975295124292,
40.04734576615618,
116.2975564615945,
40.04722839622367,
116.2975923938149,
40.04704198473572,
116.2976373090904,
40.04680724361258,
116.2977001904761,
40.04672439360989,
116.2977271396414,
40.0466415435057,
116.2977451057516,
40.04654488492253,
116.297781037972,
40.04644132200158,
116.2977900210271,
40.04637227996616,
116.297870868523,
40.04604778145561,
116.2978888346332,
40.04595802627356,
116.2979157837985,
40.04586136671352,
116.2979696821291,
40.04562662149262,
116.2980325635148,
40.04541258837521,
116.298050529625,
40.04526069349389,
116.2981044279556,
40.04501213749773,
116.2981493432311,
40.04479119806765,
116.2982032415617,
40.04448050077301,
116.2982032415617,
40.04439074351108,
116.298230190727,
40.04429408171116,
116.2982481568372,
40.04420432420184,
116.2982661229474,
40.04407313993549,
116.2982751060025,
40.04401099993104,
116.2983559534984,
40.04352768683655,
116.2983649365535,
40.04345864182687,
116.2984368009943,
40.04302365664505,
116.2985176484902,
40.04254724109341,
116.2985356146004,
40.04243676744273,
116.2985984959861,
40.04206391753969,
116.2986074790412,
40.0420362989466,
116.2986344282065,
40.04191891980015,
116.2986883265371,
40.04156678113867,
116.2987422248677,
40.04123535484153,
116.2987781570881,
40.04104202208495,
116.2988320554187,
40.04094535549946,
116.2988949368044,
40.0405724973757,
116.2989218859697,
40.04041368681001,
116.2989218859697,
40.04035844826498,
116.2989398520799,
40.04026178070265,
116.2989578181901,
40.04014439847695,
116.2989937504105,
40.04006154031266,
116.2992812081737,
40.04006154031266,
116.2994249370552,
40.04006154031266,
116.2996674795429,
40.04006154031266,
116.2997393439837,
40.04006154031266,
116.3000088356367,
40.04006154031266,
116.3000896831326,
40.04005463546105,
116.3005568019978,
40.04006154031266,
116.3008083275406,
40.04005463546105,
116.3009430733671,
40.04006154031266,
116.3010508700283,
40.04005463546105,
116.3012754464058,
40.04005463546105,
116.3013203616813,
40.03995796746457,
116.3014640905629,
40.03941248118109,
116.3015090058384,
40.03921914321472,
116.3016168024996,
40.0387150809185,
116.3016437516649,
40.03861841100782,
116.3017874805465,
40.03793481269723,
116.3018593449873,
40.03762408390894,
116.3019042602628,
40.03741002546898,
116.301922226373,
40.03735478447132,
116.3019761247036,
40.03711310457614,
116.3020479891444,
40.03680927719732,
116.3021827349709,
40.03629829171043,
116.3022635824668,
40.03593231324656,
116.302371379128,
40.03539369983112,
116.3024432435688,
40.03502771647403,
116.30255104023,
40.03450981211412,
116.3026049385606,
40.03433717644652,
116.3026768030014,
40.03410239123171,
116.302730701332,
40.03391594356899,
116.3027576504973,
40.03378473935021,
116.3028834132687,
40.03327373102036,
116.3030091760401,
40.03270747403912,
116.3030181590952,
40.03267294602111,
116.3030451082605,
40.03256245624513,
116.3031079896462,
40.0323138535895,
116.3031529049217,
40.03207215568755,
116.3032966338033,
40.03150588865081,
116.3033684982441,
40.03116060154662,
116.3033864643542,
40.0310639208417,
116.3034044304645,
40.03099486311079,
116.303458328795,
40.03073934889356,
116.3034762949053,
40.030649573399,
116.3033415490788,
40.0306357617739,
116.303269684638,
40.03062885596028,
116.3025959555055,
40.03055289196399,
116.3024432435688,
40.03053217449566,
116.3020659552546,
40.03049073953996,
116.3017784974914,
40.03045621039083,
116.3016796838853,
40.03044239872625,
116.3014371413976,
40.03041477538861,
116.3007184969896,
40.03032499946347,
116.3005837511631,
40.03030428192537,
116.2998740898102,
40.03022141170953,
116.2997483270388,
40.03020759999701,
116.2996674795429,
40.03020069413971,
116.2996045981572,
40.03018688242297,
116.2995686659368,
40.03017997656355,
116.2994339201103,
40.03016616484258,
116.2989398520799,
40.03011091793053,
116.2979786651842,
40.02999351809269,
116.2975654446496,
40.02993827103968,
116.2963796813764,
40.02977943551107,
116.2959754438969,
40.02972418828331,
116.2953376469848,
40.02964131735708,
116.2945920534116,
40.02955154040581,
116.2941069684362,
40.02944795146789,
116.2938823920587,
40.02938579802901,
116.2938554428934,
40.02937198614597,
116.2937566292873,
40.02934436237139,
116.2936129004057,
40.02929602073877,
116.2934871376343,
40.0292476790716,
116.2931817137609,
40.02912337176891,
116.2926247643447,
40.02887475647852,
116.2925439168488,
40.02883332050799,
116.2924900185182,
40.02880569651354,
116.2915827299531,
40.02833608688269,
116.2909988313717,
40.02803222009095,
116.2909090008207,
40.02799078360456,
116.2906574752779,
40.02785956789692,
116.2905137463963,
40.02781122520364,
116.2904508650106,
40.02779741299923,
116.290307136129,
40.02776288247584
